*Vertices 514
1 "3777555" 0.561139 0.0855312
2 "3777823" 0.532528 0.113081
3 "3778716" 0.543976 0.104816
4 "3782992" 0.300827 0.135122
5 "3783922" 0.326571 0.135122
6 "3785835" 0.440997 0.126857
7 "3785995" 0.492487 0.135122
8 "3786267" 0.486754 0.0745104
9 "3787095" 0.595465 0.0607356
10 "3787874" 0.578302 0.124101
11 "3788552" 0.575435 0.102062
12 "3788725" 0.552557 0.118592
13 "3789183" 0.686996 0.0717548
14 "3789445" 0.655536 0.0937963
15 "3789802" 0.618343 0.126857
16 "3789966" 0.672699 0.137876
17 "3792368" 0.280797 0.168183
18 "3793099" 0.392357 0.146141
19 "3793254" 0.355182 0.157162
20 "3793431" 0.335153 0.173693
21 "3794237" 0.358031 0.157162
22 "3794282" 0.395224 0.159918
23 "3794443" 0.360897 0.179202
24 "3794892" 0.403805 0.209509
25 "3795389" 0.486754 0.170937
26 "3795529" 0.435265 0.187467
27 "3795903" 0.412386 0.220528
28 "3796091" 0.506783 0.140632
29 "3796381" 0.498202 0.165427
30 "3796442" 0.463876 0.176448
31 "3796894" 0.50965 0.206753
32 "3797342" 0.549691 0.168183
33 "3797393" 0.592599 0.170937
34 "3797927" 0.538243 0.215019
35 "3798383" 0.60118 0.170937
36 "3799432" 0.644088 0.176448
37 "3799691" 0.695577 0.190223
38 "3799722" 0.635506 0.201244
39 "3799955" 0.664117 0.217774
40 "3870667" 0.692711 0.0910408
41 "3871252" 0.764229 0.0607355
42 "3871983" 0.789974 0.121346
43 "3872649" 0.778526 0.0965503
44 "3872994" 0.818585 0.115836
45 "3880846" 0.672699 0.129611
46 "3881235" 0.749932 0.0772659
47 "3881391" 0.798556 0.0827755
48 "3881673" 0.781392 0.113081
49 "3881805" 0.724188 0.126857
50 "3882118" 0.752782 0.0690009
51 "3882664" 0.79284 0.107571
52 "3883441" 0.858626 0.0910407
53 "3883751" 0.867208 0.115836
54 "3883752" 0.867208 0.118592
55 "3883917" 0.838597 0.132367
56 "3890012" 0.644087 0.143388
57 "3890245" 0.672699 0.159918
58 "3890524" 0.655535 0.181958
59 "3890574" 0.698443 0.181958
60 "3891102" 0.721322 0.151653
61 "3891281" 0.789974 0.157162
62 "3891606" 0.724188 0.195733
63 "3891607" 0.727037 0.190223
64 "3891793" 0.798556 0.203998
65 "3891971" 0.781392 0.215019
66 "3892004" 0.741351 0.140632
67 "3892983" 0.807137 0.220528
68 "3893159" 0.872923 0.154407
69 "3893479" 0.890086 0.179202
70 "3893539" 0.85576 0.187467
71 "4628095" 0.0977357 0.259105
72 "4629161" 0.15494 0.26461
73 "4629467" 0.160656 0.289405
74 "4639089" 0.177818 0.344501
75 "4649886" 0.174969 0.427153
76 "4703247" 0.349449 0.173693
77 "4705161" 0.463875 0.165427
78 "4705392" 0.48962 0.184718
79 "4705839" 0.443846 0.228788
80 "4706639" 0.461009 0.212258
81 "4707518" 0.529662 0.201249
82 "4707719" 0.529662 0.220523
83 "4707863" 0.566854 0.228788
84 "4708064" 0.586883 0.157162
85 "4708308" 0.538243 0.184718
86 "4708484" 0.604046 0.190223
87 "4708548" 0.572569 0.201249
88 "4709184" 0.689861 0.165427
89 "4709564" 0.672699 0.198488
90 "4709786" 0.689861 0.220523
91 "4709964" 0.672699 0.231549
92 "4709965" 0.672699 0.234309
93 "4711434" 0.23504 0.272875
94 "4711495" 0.28653 0.275635
95 "4712475" 0.286529 0.275635
96 "4712644" 0.260785 0.289405
97 "4713631" 0.335153 0.289405
98 "4713803" 0.309408 0.31144
99 "4714284" 0.398089 0.256345
100 "4714659" 0.375193 0.29491
101 "4715801" 0.412386 0.305936
102 "4715931" 0.438131 0.314201
103 "4716454" 0.475323 0.272875
104 "4716884" 0.501068 0.305936
105 "4717215" 0.526812 0.259105
106 "4717344" 0.552557 0.26461
107 "4717496" 0.595465 0.27838
108 "4717947" 0.555406 0.314201
109 "4718193" 0.609762 0.253584
110 "4718211" 0.541109 0.256345
111 "4718763" 0.584017 0.303175
112 "4718914" 0.543976 0.314201
113 "4718984" 0.604046 0.314201
114 "4719037" 0.649803 0.239814
115 "4719096" 0.698444 0.245319
116 "4719433" 0.644088 0.27838
117 "4719778" 0.684129 0.300431
118 "4719823" 0.635506 0.31144
119 "4720032" 0.146359 0.259105
120 "4720097" 0.203563 0.256344
121 "4720098" 0.203563 0.259105
122 "4721376" 0.269366 0.286645
123 "4722454" 0.269367 0.289405
124 "4722633" 0.249337 0.31144
125 "4723035" 0.338018 0.259105
126 "4723173" 0.369478 0.270114
127 "4723174" 0.372345 0.26461
128 "4723667" 0.366612 0.305936
129 "4724255" 0.372345 0.275635
130 "4724665" 0.380926 0.308696
131 "4725021" 0.429549 0.256344
132 "4725377" 0.478172 0.28114
133 "4725676" 0.475323 0.31144
134 "4725802" 0.412386 0.325227
135 "4725839" 0.443846 0.327971
136 "4726025" 0.449578 0.259105
137 "4726627" 0.452428 0.305936
138 "4726782" 0.498202 0.316961
139 "4728397" 0.615477 0.28114
140 "4728398" 0.615477 0.283901
141 "4728517" 0.546825 0.29767
142 "4728882" 0.60118 0.325227
143 "4728904" 0.535394 0.330731
144 "4729116" 0.629791 0.270114
145 "4729349" 0.658385 0.286645
146 "4729497" 0.701292 0.289405
147 "4729634" 0.646954 0.305936
148 "4729857" 0.666966 0.322466
149 "4730499" 0.203563 0.377562
150 "4730518" 0.134911 0.383083
151 "4730754" 0.166388 0.396853
152 "4731634" 0.23504 0.388588
153 "4733145" 0.3466 0.350022
154 "4734021" 0.343734 0.338996
155 "4734152" 0.369479 0.350022
156 "4734321" 0.343734 0.363792
157 "4734504" 0.329437 0.380322
158 "4734678" 0.392357 0.391348
159 "4734818" 0.340868 0.407878
160 "4735334" 0.440997 0.363792
161 "4735394" 0.492487 0.363792
162 "4735688" 0.486754 0.391348
163 "4736107" 0.435264 0.347262
164 "4736348" 0.469591 0.366553
165 "4736525" 0.449578 0.383083
166 "4736981" 0.498202 0.413383
167 "4737076" 0.578302 0.344501
168 "4737077" 0.581151 0.338996
169 "4737309" 0.52108 0.369297
170 "4737948" 0.555406 0.416144
171 "4738045" 0.569721 0.341757
172 "4738184" 0.604046 0.347262
173 "4738305" 0.535394 0.366553
174 "4738488" 0.606895 0.374818
175 "4738649" 0.572569 0.394092
176 "4738908" 0.538243 0.416144
177 "4739422" 0.635506 0.374818
178 "4739471" 0.678414 0.372057
179 "4739707" 0.624058 0.396853
180 "4739967" 0.675548 0.413383
181 "4740061" 0.172103 0.355527
182 "4740304" 0.12348 0.380322
183 "4740305" 0.12348 0.383083
184 "4740634" 0.149225 0.405118
185 "4740694" 0.200714 0.405118
186 "4740879" 0.1864 0.427153
187 "4741049" 0.246471 0.361031
188 "4741098" 0.289378 0.358287
189 "4741415" 0.217877 0.391348
190 "4741851" 0.249337 0.421648
191 "4742434" 0.252203 0.388587
192 "4742669" 0.280797 0.410622
193 "4742913" 0.232174 0.435418
194 "4743363" 0.360897 0.385827
195 "4743485" 0.380926 0.391348
196 "4744074" 0.389508 0.355527
197 "4744467" 0.383776 0.388587
198 "4744622" 0.343734 0.407878
199 "4744689" 0.400938 0.410622
200 "4745264" 0.466742 0.372057
201 "4745686" 0.483905 0.410622
202 "4745955" 0.45816 0.432674
203 "4746009" 0.435264 0.361031
204 "4746482" 0.498202 0.391348
205 "4746848" 0.469591 0.424409
206 "4746923" 0.446712 0.435418
207 "4747111" 0.523946 0.363792
208 "4747188" 0.589732 0.366553
209 "4747189" 0.589732 0.369297
210 "4747523" 0.532528 0.402357
211 "4747569" 0.572569 0.402357
212 "4748141" 0.566854 0.363792
213 "4748731" 0.558273 0.413383
214 "4748888" 0.606895 0.424409
215 "4749233" 0.644088 0.377562
216 "4749513" 0.626925 0.402357
217 "4749795" 0.698444 0.416144
218 "4749965" 0.672699 0.432674
219 "4750488" 0.194982 0.474
220 "4751347" 0.246471 0.462974
221 "4751993" 0.283663 0.51807
222 "4752512" 0.232174 0.482265
223 "4753081" 0.37806 0.438179
224 "4753467" 0.366612 0.471239
225 "4753468" 0.366612 0.474
226 "4753725" 0.329437 0.498795
227 "4754297" 0.40952 0.454709
228 "4754543" 0.360897 0.485009
229 "4754814" 0.338019 0.5043
230 "4755187" 0.486754 0.446444
231 "4755357" 0.461009 0.462974
232 "4755616" 0.423834 0.493274
233 "4756434" 0.45816 0.471239
234 "4756827" 0.452428 0.5043
235 "4757125" 0.535394 0.449204
236 "4757126" 0.535394 0.451948
237 "4757929" 0.538243 0.51807
238 "4758216" 0.543976 0.460214
239 "4758382" 0.60118 0.465735
240 "4758909" 0.538243 0.51807
241 "4758996" 0.612628 0.51807
242 "4759043" 0.652669 0.443683
243 "4759044" 0.655536 0.438179
244 "4759533" 0.644088 0.485009
245 "4759562" 0.669832 0.482265
246 "4759858" 0.666966 0.507061
247 "4760079" 0.1864 0.460214
248 "4760676" 0.183551 0.509805
249 "4761471" 0.2665 0.48777
250 "4761809" 0.212144 0.526335
251 "4761861" 0.257918 0.52083
252 "4762047" 0.263634 0.454709
253 "4762518" 0.237889 0.498795
254 "4763085" 0.380926 0.45747
255 "4763207" 0.315123 0.471239
256 "4763361" 0.360897 0.479504
257 "4763418" 0.323705 0.49053
258 "4763518" 0.323705 0.498795
259 "4764063" 0.37806 0.460214
260 "4764094" 0.406671 0.454709
261 "4764129" 0.349449 0.468479
262 "4764861" 0.37806 0.52083
263 "4765057" 0.461009 0.454709
264 "4765704" 0.415252 0.512565
265 "4765879" 0.478172 0.526335
266 "4765954" 0.45816 0.529096
267 "4766205" 0.432416 0.474
268 "4766344" 0.466742 0.479504
269 "4767421" 0.532528 0.48777
270 "4767845" 0.552557 0.523591
271 "4767883" 0.584017 0.526335
272 "4768249" 0.572569 0.476744
273 "4768485" 0.604046 0.49053
274 "4768611" 0.541109 0.5043
275 "4769096" 0.698444 0.460214
276 "4769472" 0.678414 0.49053
277 "4769762" 0.669832 0.515326
278 "4769914" 0.629791 0.529096
279 "4771609" 0.212144 0.592457
280 "4772892" 0.300827 0.606243
281 "4773364" 0.363763 0.562156
282 "4773968" 0.366612 0.614508
283 "4774197" 0.40952 0.545626
284 "4774214" 0.338019 0.553891
285 "4774561" 0.37806 0.578687
286 "4774835" 0.355181 0.606243
287 "4775495" 0.492487 0.573182
288 "4775714" 0.423834 0.595217
289 "4775761" 0.463875 0.595217
290 "4776032" 0.455294 0.540121
291 "4776074" 0.492486 0.537361
292 "4776138" 0.461009 0.548387
293 "4776552" 0.472457 0.581447
294 "4776794" 0.50965 0.595217
295 "4776819" 0.443846 0.608987
296 "4777236" 0.543975 0.559396
297 "4777595" 0.595465 0.581447
298 "4777642" 0.549691 0.589713
299 "4778051" 0.575435 0.537361
300 "4778074" 0.595465 0.537361
301 "4778646" 0.569721 0.592457
302 "4778767" 0.589733 0.595217
303 "4779076" 0.68128 0.542866
304 "4779363" 0.669832 0.567661
305 "4779714" 0.629791 0.595217
306 "4779966" 0.672699 0.617252
307 "4780395" 0.200714 0.581447
308 "4782474" 0.286529 0.586952
309 "4782647" 0.263634 0.603482
310 "4782888" 0.29796 0.622773
311 "4783568" 0.366612 0.597978
312 "4784122" 0.343734 0.564917
313 "4784445" 0.363764 0.589712
314 "4784556" 0.372345 0.600722
315 "4784598" 0.40952 0.597978
316 "4784827" 0.349449 0.620013
317 "4784874" 0.389508 0.620013
318 "4785105" 0.415252 0.564917
319 "4785106" 0.415252 0.567661
320 "4785286" 0.483905 0.575926
321 "4785548" 0.452428 0.597978
322 "4785786" 0.483905 0.617252
323 "4786206" 0.432416 0.575926
324 "4786723" 0.446712 0.617252
325 "4787012" 0.523946 0.556652
326 "4787056" 0.561139 0.559396
327 "4787642" 0.549691 0.606243
328 "4787808" 0.52108 0.622773
329 "4787988" 0.589732 0.631038
330 "4788006" 0.535394 0.559396
331 "4788089" 0.606895 0.559396
332 "4788448" 0.572569 0.589712
333 "4788449" 0.572569 0.592457
334 "4788617" 0.546825 0.603482
335 "4788748" 0.572569 0.614508
336 "4789253" 0.661251 0.575926
337 "4789418" 0.63264 0.589712
338 "4789765" 0.672699 0.614508
339 "4793421" 0.326571 0.669604
340 "4794064" 0.380926 0.636543
341 "4794443" 0.360897 0.675108
342 "4794568" 0.383776 0.68063
343 "4795057" 0.461009 0.636543
344 "4795714" 0.423834 0.694399
345 "4795939" 0.443846 0.716434
346 "4796013" 0.438131 0.642048
347 "4796554" 0.475323 0.677869
348 "4796705" 0.432416 0.69716
349 "4796856" 0.475323 0.708169
350 "4797277" 0.581151 0.653074
351 "4798167" 0.589733 0.644808
352 "4798734" 0.561138 0.694399
353 "4798735" 0.561138 0.69716
354 "4798914" 0.543976 0.71093
355 "4799241" 0.652669 0.653074
356 "4799308" 0.624058 0.664099
357 "4799584" 0.689861 0.677869
358 "4799742" 0.652669 0.69716
359 "4799879" 0.684129 0.708169
360 "4799923" 0.635506 0.716434
361 "4800136" 0.664117 0.170932
362 "4800161" 0.686995 0.165427
363 "4800737" 0.666966 0.215019
364 "4801106" 0.724188 0.170932
365 "4801363" 0.772811 0.187462
366 "4801701" 0.721322 0.215019
367 "4801836" 0.749932 0.228788
368 "4801837" 0.752782 0.223284
369 "4802204" 0.741351 0.173693
370 "4802849" 0.778526 0.228788
371 "4803132" 0.850045 0.168188
372 "4803373" 0.88437 0.187462
373 "4803733" 0.850045 0.220523
374 "4804021" 0.858626 0.157162
375 "4804444" 0.878656 0.190223
376 "4804519" 0.85576 0.203993
377 "4810333" 0.661251 0.270114
378 "4810688" 0.709874 0.292166
379 "4810975" 0.698443 0.316961
380 "4811097" 0.80427 0.239814
381 "4811302" 0.721322 0.26737
382 "4811561" 0.772811 0.28114
383 "4811619" 0.735619 0.29491
384 "4811963" 0.772811 0.319705
385 "4812378" 0.804271 0.26737
386 "4812696" 0.818585 0.29491
387 "4812948" 0.778526 0.316961
388 "4812998" 0.821434 0.316961
389 "4813177" 0.890086 0.248079
390 "4813227" 0.847179 0.256345
391 "4813346" 0.861493 0.270114
392 "4813966" 0.878655 0.319705
393 "4814333" 0.867208 0.270114
394 "4820948" 0.675547 0.333492
395 "4821532" 0.747066 0.300431
396 "4821586" 0.79284 0.303175
397 "4821965" 0.775677 0.333492
398 "4822297" 0.821434 0.272875
399 "4822613" 0.747066 0.31144
400 "4823016" 0.835748 0.261849
401 "4823406" 0.827166 0.29491
402 "4823657" 0.872923 0.305936
403 "4824915" 0.852911 0.333492
404 "4830332" 0.661251 0.366553
405 "4830617" 0.649803 0.388588
406 "4830683" 0.704159 0.394092
407 "4831108" 0.727037 0.350022
408 "4831982" 0.789974 0.416144
409 "4832186" 0.810003 0.352766
410 "4832244" 0.775677 0.355527
411 "4832301" 0.807137 0.363792
412 "4832302" 0.807137 0.366553
413 "4832748" 0.778526 0.399613
414 "4833533" 0.850045 0.385827
415 "4833888" 0.898668 0.407878
416 "4833889" 0.898668 0.410622
417 "4834513" 0.850044 0.385827
418 "4834538" 0.872923 0.383083
419 "4834682" 0.910116 0.391348
420 "4840354" 0.68128 0.380322
421 "4840824" 0.655535 0.421648
422 "4841278" 0.787108 0.374818
423 "4841337" 0.752782 0.380322
424 "4841954" 0.767096 0.429913
425 "4842053" 0.781392 0.361031
426 "4842508" 0.7442 0.399613
427 "4842813" 0.747066 0.427153
428 "4843219" 0.838597 0.377562
429 "4843221" 0.841463 0.372057
430 "4843589" 0.898668 0.402357
431 "4843725" 0.844329 0.416144
432 "4844155" 0.887237 0.366553
433 "4850197" 0.718455 0.446444
434 "4850428" 0.658385 0.474
435 "4850465" 0.689862 0.474
436 "4850595" 0.715606 0.482265
437 "4850831" 0.661251 0.5043
438 "4851383" 0.789974 0.468479
439 "4851518" 0.735619 0.482265
440 "4851661" 0.772811 0.48777
441 "4851952" 0.764229 0.515326
442 "4852206" 0.741351 0.460214
443 "4852268" 0.795689 0.45747
444 "4852304" 0.741351 0.462974
445 "4853241" 0.858626 0.454709
446 "4854101" 0.910115 0.446444
447 "4860085" 0.707025 0.45747
448 "4860244" 0.672699 0.471239
449 "4860539" 0.666966 0.50154
450 "4860572" 0.695577 0.498795
451 "4860914" 0.646954 0.529096
452 "4861318" 0.735619 0.482265
453 "4861788" 0.795689 0.515326
454 "4862002" 0.807137 0.45747
455 "4862098" 0.821434 0.45747
456 "4863005" 0.827166 0.45747
457 "4870013" 0.644087 0.542866
458 "4870014" 0.646954 0.537361
459 "4870443" 0.669832 0.575926
460 "4871108" 0.727037 0.548387
461 "4871285" 0.79284 0.556652
462 "4871504" 0.724188 0.578687
463 "4871883" 0.789974 0.608987
464 "4880115" 0.646954 0.564917
465 "4881324" 0.741351 0.578687
466 "4881637" 0.752782 0.603482
467 "4882503" 0.807137 0.600722
468 "4890114" 0.646954 0.644808
469 "4890392" 0.71274 0.664099
470 "4890782" 0.704159 0.69716
471 "4891005" 0.724188 0.639304
472 "4891332" 0.747066 0.664099
473 "4891348" 0.761363 0.664099
474 "4891647" 0.761363 0.686134
475 "4891694" 0.801422 0.686134
476 "4891695" 0.801422 0.688895
477 "4891809" 0.727037 0.708169
478 "4891941" 0.755648 0.71093
479 "5706016" 0.440997 0.658578
480 "5706383" 0.498202 0.683374
481 "5707079" 0.581151 0.658578
482 "5707455" 0.561139 0.688895
483 "5708476" 0.595465 0.691639
484 "5708512" 0.541109 0.69716
485 "5708958" 0.58115 0.730221
486 "5709278" 0.684129 0.672364
487 "5709551" 0.661251 0.694399
488 "5718016" 0.543976 0.74123
489 "5719118" 0.63264 0.746751
490 "5719391" 0.695577 0.760521
491 "5749236" 0.646954 0.873473
492 "5749298" 0.701292 0.870729
493 "5749754" 0.664117 0.909294
494 "5749893" 0.695577 0.923064
495 "5759374" 0.68128 0.958885
496 "5800014" 0.646954 0.653073
497 "5800085" 0.707025 0.655834
498 "5800349" 0.675547 0.683374
499 "5800386" 0.707025 0.683374
500 "5801414" 0.732769 0.686134
501 "5801691" 0.798556 0.702665
502 "5801745" 0.758514 0.71369
503 "5811145" 0.758514 0.746751
504 "5812318" 0.752782 0.763282
505 "5812725" 0.758514 0.796342
506 "5821987" 0.795689 0.826643
507 "5830192" 0.71274 0.845933
508 "5830594" 0.715606 0.876234
509 "5840195" 0.715606 0.862464
510 "5850076" 0.698443 0.939594
511 "5850668" 0.692711 0.986441
512 "5851453" 0.764229 0.972655
513 "5851454" 0.767096 0.967151
514 "5860192" 0.71274 0.961646
*Edges
43 94 570.51
43 95 570.511
43 124 622.945
43 158 534.498
43 323 657.586
43 330 584.183
45 110 201.855
45 117 192.78
45 118 208.716
45 120 528.511
45 121 529.359
45 137 310.679
45 140 184.517
45 142 233.566
45 148 217.286
45 161 328.283
45 167 262.783
45 168 255.87
45 178 273.118
45 180 319.605
45 211 325.809
45 276 406.522
45 370 160.165
45 377 158.724
45 379 212.838
45 396 234.929
45 407 255.133
45 414 346.799
45 420 282.51
45 422 302.759
45 423 295.416
45 435 388.304
45 436 399.884
52 88 201.319
52 113 373.391
52 206 591.657
52 235 534.45
52 236 536.786
52 421 432.624
52 425 315.399
52 438 431.552
52 442 434.795
52 493 945.378
62 63 6.93183
62 115 62.4377
62 216 255.504
62 366 21.9417
62 369 31.0277
62 392 218.1
62 399 132.654
62 405 231.7
62 406 224.45
62 413 237.059
63 62 6.93183
67 248 750.776
67 279 769.405
67 313 635.742
67 316 669.989
67 328 549.093
67 343 600.396
67 348 673.318
67 351 532.856
67 375 84.7524
67 479 633.337
67 482 591.135
88 52 201.319
88 113 191.672
88 206 402.516
88 235 360.853
88 236 363.593
88 421 290.953
88 425 241.633
88 426 270.251
88 438 358.162
88 442 336.659
88 493 838.223
88 511 924.648
88 512 912.688
89 90 31.0229
89 91 37.2337
89 115 59.6784
89 172 183.355
89 300 390.732
89 366 55.931
89 367 90.4589
89 397 188.665
89 491 760.695
90 89 31.0229
90 116 81.92
90 172 170.406
90 300 371.229
90 365 97.375
90 397 157.644
90 439 298.928
90 491 736.837
91 89 37.2337
91 115 31.9428
91 172 150.094
91 366 55.9309
91 367 83.833
94 43 570.51
94 95 0.000426106
94 124 57.0401
94 158 173.666
94 323 373.384
94 330 418.329
94 333 472.842
94 350 531.809
95 43 570.511
95 94 0.000426106
95 124 57.0398
95 158 173.666
95 323 373.384
95 330 418.329
95 333 472.843
95 350 531.809
110 45 201.855
110 117 162.886
110 118 119.727
110 120 366.137
110 121 366.151
110 137 111.231
110 140 86.4308
110 142 101.311
110 148 155.507
110 161 132.003
110 167 107.167
110 168 102.719
110 178 197.9
110 180 229.226
110 211 167.946
110 276 302.891
110 370 259.39
110 377 131.238
110 379 183.809
110 396 278.1
110 407 227.605
110 414 365.458
110 420 206.429
110 422 298.335
110 423 268.724
110 435 293.466
110 436 317.118
113 52 373.391
113 88 191.672
113 206 218.545
113 235 169.301
113 236 172.081
113 421 133.276
113 425 199.467
113 442 221.863
113 493 673.367
113 511 763.175
113 512 761.648
114 276 284.062
115 62 62.4377
115 89 59.6784
115 91 31.9428
115 172 153.837
115 366 42.1939
115 367 58.8708
115 368 63.952
115 369 93.1304
115 392 212.672
115 405 169.759
115 406 167.666
116 90 81.92
116 300 296.4
116 397 155.647
116 491 670.214
117 45 192.78
117 110 162.886
117 118 54.1795
117 120 523.631
117 137 251.404
117 140 76.7593
117 142 94.2088
117 146 22.3779
117 148 31.0231
117 161 219.782
117 167 125.062
117 178 80.9046
117 180 127.549
117 211 166.794
117 276 214.183
117 370 130.362
117 377 42.209
117 379 24.2416
117 381 54.8989
117 396 117.959
117 407 72.7009
117 414 204.055
117 420 90.0282
117 422 139.626
117 423 116.794
117 435 195.576
118 45 208.716
118 110 119.727
118 117 54.1795
118 120 472.621
118 137 198.682
118 140 37.8679
118 142 40.3408
118 167 72.364
118 178 82.6235
118 211 123.064
118 276 206.995
118 379 68.5507
118 396 170.914
118 403 237.124
118 407 108.376
118 414 247.331
118 418 269.871
118 422 179.265
118 423 148.998
120 45 528.511
120 110 366.137
120 117 523.631
120 118 472.621
120 121 3.10897
120 137 275.661
120 140 447.881
120 142 438.218
120 148 508.141
120 161 335.947
120 167 418.43
120 168 420.015
120 178 531.302
120 180 541.651
120 211 432.726
120 276 578.671
120 370 624.436
120 377 496.698
120 379 541.122
120 396 641.363
120 407 577.532
120 414 716.243
120 420 536.664
120 422 646.883
120 423 611.883
120 435 581.664
120 436 610.921
121 45 529.359
121 110 366.151
121 120 3.10897
124 43 622.945
124 94 57.0401
124 95 57.0398
124 158 179.347
124 323 357.998
124 330 417.445
124 333 472.326
124 350 526.857
128 160 103.71
128 163 87.8153
128 224 186.168
128 472 577.073
137 45 310.679
137 110 111.231
137 117 251.404
137 118 198.682
137 120 275.661
137 140 178.592
137 142 162.809
137 148 233.454
137 161 78.3184
137 167 143.278
137 168 144.506
137 178 256.189
137 180 270.586
137 211 169.632
137 276 321.415
137 370 364.234
137 377 230.076
137 379 267.143
137 396 369.259
137 407 301.979
137 414 440.582
137 418 464.314
137 420 261.993
137 422 371.225
137 423 336.394
137 435 319.618
137 436 347.75
140 45 184.517
140 110 86.4308
140 117 76.7593
140 118 37.8679
140 120 447.881
140 137 178.592
140 142 49.0576
140 146 93.2903
140 148 70.751
140 161 160.913
140 167 79.2717
140 178 120.489
140 180 159.721
140 211 141.294
140 276 242.517
140 379 97.3923
140 381 116.31
140 396 193.607
140 407 142.087
140 411 226.53
140 413 219.687
140 414 279.133
140 420 129.95
140 422 212.469
140 423 184.32
140 425 199.837
140 426 190.993
140 430 334.897
140 435 228.793
140 438 281.138
142 45 233.566
142 110 101.311
142 117 94.2088
142 118 40.3408
142 120 438.218
142 137 162.809
142 140 49.0576
142 148 71.4255
142 161 125.646
142 167 32.9709
142 168 26.6931
142 178 98.9944
142 180 127.923
142 211 92.2435
142 276 204.149
142 370 220.91
142 377 89.99
142 379 105.911
142 396 209.372
142 407 139.343
142 414 278.438
142 420 106.767
142 422 209.266
142 423 175.76
142 435 193.201
142 436 216.067
143 430 402.216
145 275 200.248
145 337 342.462
145 487 459.232
145 488 526.79
145 509 651.463
146 117 22.3779
146 140 93.2903
146 167 147.132
146 304 315.23
146 420 104.668
146 422 133.858
147 210 164.917
147 427 174.44
147 494 697.021
148 45 217.286
148 110 155.507
148 117 31.0231
148 120 508.141
148 137 233.454
148 140 70.751
148 142 71.4255
148 161 194.897
148 167 99.3248
148 178 57.2142
148 180 102.815
148 211 136.308
148 276 189.684
148 379 34.7017
148 381 85.5947
148 396 138.254
148 407 72.172
148 414 211.018
148 418 233.6
148 420 66.9833
148 422 143.035
148 423 113.624
148 425 131.499
148 426 120.695
148 430 266.948
148 435 172.458
148 438 211.765
158 43 534.498
158 94 173.666
158 95 173.666
158 124 179.347
158 323 212.368
158 330 244.727
158 333 299.182
158 350 358.916
160 128 103.71
160 163 19.6276
160 224 145.442
161 45 328.283
161 110 132.003
161 117 219.782
161 120 335.947
161 137 78.3184
161 140 160.913
161 142 125.646
161 148 194.897
161 167 95.5854
161 168 100.146
161 178 201.89
161 180 206.272
161 211 97.1191
161 276 247.076
161 370 345.519
161 379 229.543
161 396 332.87
161 407 254.889
161 414 388.638
161 422 319.818
161 423 282.956
161 426 275.998
161 435 247.47
163 128 87.8153
163 160 19.6276
163 224 158.243
163 472 491.645
167 45 262.783
167 110 107.167
167 117 125.062
167 118 72.364
167 120 418.43
167 137 143.278
167 140 79.2717
167 142 32.9709
167 146 147.132
167 148 99.3248
167 161 95.5854
167 178 112.939
167 180 130.938
167 211 65.4549
167 239 138.773
167 276 197.078
167 370 253.282
167 377 122.939
167 379 133.958
167 396 237.319
167 407 161.453
167 414 298.413
167 420 118.763
167 422 229.052
167 423 193.511
167 435 189.51
167 436 215.067
168 45 255.87
168 110 102.719
168 120 420.015
168 137 144.506
168 142 26.6931
168 161 100.146
170 399 239.008
170 402 366.094
170 424 230.143
171 207 55.5079
171 432 345.542
172 89 183.355
172 90 170.406
172 91 150.094
172 115 153.837
172 300 214.296
172 366 195.867
172 397 186.813
172 491 594.455
173 240 170.67
177 292 272.098
178 45 273.118
178 110 197.9
178 117 80.9046
178 118 82.6235
178 120 531.302
178 137 256.189
178 140 120.489
178 142 98.9944
178 148 57.2142
178 161 201.89
178 167 112.939
178 180 46.6458
178 211 119.774
178 276 133.427
178 379 65.7436
178 381 126.755
178 396 146.368
178 407 58.2883
178 414 186.814
178 420 9.81409
178 422 117.942
178 423 81.2026
178 425 112.39
178 426 77.8151
178 435 115.48
178 438 162.591
180 45 319.605
180 110 229.226
180 117 127.549
180 120 541.651
180 137 270.586
180 140 159.721
180 142 127.923
180 148 102.815
180 161 206.272
180 167 130.938
180 178 46.6458
180 211 112.389
180 235 157.287
180 242 42.1943
180 396 177.742
180 407 90.6159
180 414 191.805
180 422 128.568
180 423 91.6774
180 425 129.064
180 426 76.0647
180 435 70.0113
180 438 138.765
204 490 467.654
206 52 591.657
206 88 402.516
206 113 218.545
206 405 226.519
206 406 283.105
206 413 362.171
206 421 227.042
206 425 372.57
206 442 320.814
206 446 502.809
206 493 583.468
207 171 55.5079
207 432 394.075
210 147 164.917
210 427 234.38
210 494 612.52
211 45 325.809
211 110 167.946
211 117 166.794
211 118 123.064
211 120 432.726
211 137 169.632
211 140 141.294
211 142 92.2435
211 148 136.308
211 161 97.1191
211 167 65.4549
211 178 119.774
211 180 112.389
211 239 77.832
211 276 151.796
211 370 296.849
211 377 177.298
211 379 167.008
211 396 263.749
211 407 177.616
211 414 301.554
211 420 120.502
211 422 234.768
211 423 197.046
211 435 150.655
211 436 179.363
215 239 109.668
215 450 147.517
216 62 255.504
216 369 285.877
216 381 183.292
216 392 288.484
216 405 29.2634
216 411 200.244
216 413 164.471
216 430 294.76
218 403 225.141
224 128 186.168
224 160 145.442
224 163 158.243
224 225 3.10897
225 224 3.10897
235 52 534.45
235 88 360.853
235 113 169.301
235 180 157.287
235 236 3.09033
235 242 127.361
235 421 133.962
235 425 284.714
235 426 233.277
235 438 276.996
235 442 223.746
235 493 536.645
236 52 536.786
236 88 363.593
236 113 172.081
236 235 3.09033
236 242 127.549
236 421 134.712
236 425 285.807
236 442 223.596
236 493 533.662
239 167 138.773
239 211 77.832
239 215 109.668
239 304 136.83
239 450 108.952
240 173 170.67
240 408 296.202
240 503 351.307
242 180 42.1943
242 235 127.361
242 236 127.549
242 426 110.998
246 306 124.256
246 326 129.039
246 338 121.169
246 371 430.22
246 385 308.304
246 386 290.059
246 394 195.698
246 419 294.184
246 431 217.938
246 433 88.2032
246 440 116.847
246 441 105.911
246 443 150.383
246 444 94.7387
246 445 216.093
246 455 176.615
246 456 182.525
246 462 101.782
246 466 143.028
246 474 226.18
246 496 165.869
246 505 340.592
246 514 514.365
248 67 750.776
248 278 484.525
248 279 98.1154
248 313 215.198
248 314 228.957
248 316 218.604
248 328 387.595
248 343 333.092
248 348 342.626
248 351 466.084
248 375 835.483
248 479 325.662
248 482 456.54
267 268 37.7465
267 391 518.982
267 501 473.34
267 502 444.958
268 267 37.7465
270 352 192.593
270 380 420.344
275 145 200.248
275 337 162.374
275 487 266.812
275 488 358.102
275 509 453.404
276 45 406.522
276 110 302.891
276 114 284.062
276 117 214.183
276 118 206.995
276 120 578.671
276 137 321.415
276 140 242.517
276 142 204.149
276 148 189.684
276 161 247.076
276 167 197.078
276 178 133.427
276 211 151.796
276 379 196.681
276 381 255.601
276 392 290.155
276 396 244.802
276 407 166.801
276 411 199.672
276 413 149.253
276 414 220.372
276 420 124.157
276 422 175.737
276 423 148.029
276 430 258.726
277 370 343.568
277 407 196.237
277 464 61.1156
278 248 484.525
278 279 458.608
278 313 296.526
278 314 290.67
278 316 320.864
278 328 158.226
278 343 219.456
278 348 285.766
278 351 137.371
278 375 467.465
278 479 251.4
278 482 194.767
279 67 769.405
279 248 98.1154
279 278 458.608
279 313 164.491
279 314 174.019
279 316 152.134
279 328 336.838
279 343 274.473
279 348 266.443
279 351 413.793
279 375 853.167
279 479 259.166
279 482 393.828
280 282 71.9628
280 287 211.202
280 288 134.003
280 349 221.366
280 383 587.68
280 468 377.95
282 280 71.9628
282 287 144.251
282 288 65.7608
282 349 158.214
282 383 538.299
282 468 305.996
286 372 742.923
286 480 177.799
287 280 211.202
287 282 144.251
287 288 78.4941
287 349 153.161
287 383 409.596
287 468 185.958
288 280 134.003
288 282 65.7608
288 287 78.4941
288 349 138.93
288 383 478.292
290 352 208.256
290 353 210.857
290 388 469.995
290 389 574.981
290 483 228.552
292 177 272.098
296 327 53.1231
299 334 80.6754
299 510 472.245
300 89 390.732
300 90 371.229
300 116 296.4
300 172 214.296
300 365 438.51
300 397 301.543
300 439 164.201
300 491 382.634
303 469 140.736
304 146 315.23
304 239 136.83
304 420 211.35
306 246 124.256
306 326 137.437
306 338 3.09044
306 371 541.095
306 385 419.093
306 386 396.019
306 394 319.592
306 419 362.007
306 431 293.185
306 433 198.668
306 440 181.817
306 441 151.771
306 443 224.009
306 444 189.037
306 445 272.368
306 455 241.683
306 456 245.877
306 462 70.7511
306 466 88.2398
306 474 123.562
306 496 49.0647
306 505 222.138
306 514 390.287
313 67 635.742
313 248 215.198
313 278 296.526
313 279 164.491
313 314 15.5041
313 316 37.491
313 328 174.656
313 343 117.933
313 348 142.087
313 351 252.841
313 375 717.182
313 479 114.165
313 482 241.481
314 248 228.957
314 278 290.67
314 279 174.019
314 313 15.5041
316 67 669.989
316 248 218.604
316 278 320.864
316 279 152.134
316 313 37.491
316 328 186.194
316 343 122.433
316 348 125.092
316 351 262.128
316 375 750.87
316 479 108.385
316 482 242.371
323 43 657.586
323 94 373.384
323 95 373.384
323 124 357.998
323 158 212.368
323 330 113.242
323 333 153.16
323 350 183.242
326 246 129.039
326 306 137.437
326 338 135.999
326 371 540.668
326 385 421.565
326 386 408.299
326 394 283.071
326 419 423.213
326 431 346.968
326 433 212.84
326 440 243.359
326 441 225.815
326 443 279.116
326 444 223.615
326 455 304.786
326 462 178.189
326 466 213.723
326 474 259.889
326 496 140.696
326 505 342.121
326 514 481.944
327 296 53.1231
328 67 549.093
328 248 387.595
328 278 158.226
328 279 336.838
328 313 174.656
328 316 186.194
328 343 66.9788
328 348 127.545
328 351 78.4941
328 375 622.696
328 479 95.7691
328 482 86.2175
330 43 584.183
330 94 418.329
330 95 418.329
330 124 417.445
330 158 244.727
330 323 113.242
330 333 54.8848
330 350 116.593
331 332 50.5185
332 331 50.5185
333 94 472.842
333 95 472.843
333 124 472.326
333 158 299.182
333 323 153.16
333 330 54.8848
334 299 80.6754
334 510 412.719
336 403 343.173
336 490 211.202
337 145 342.462
337 275 162.374
337 487 121.917
337 488 195.878
337 509 320.089
338 246 121.169
338 306 3.09044
338 326 135.999
338 371 538.208
338 385 416.189
338 386 393.188
338 394 316.502
338 419 359.841
338 431 290.804
338 433 195.677
338 440 179.348
338 441 149.447
338 443 221.534
338 444 186.2
338 455 239.391
338 462 68.8972
338 466 87.7494
338 474 125.526
338 496 51.6358
338 505 224.948
338 514 393.359
343 67 600.396
343 248 333.092
343 278 219.456
343 279 274.473
343 313 117.933
343 316 122.433
343 328 66.9788
343 348 74.9832
343 351 139.937
343 375 676.677
343 479 32.9705
343 482 123.582
345 428 573.583
345 429 580.034
348 67 673.318
348 248 342.626
348 278 285.766
348 279 266.443
348 313 142.087
348 316 125.092
348 328 127.545
348 343 74.9832
348 351 180.541
348 375 748.496
348 479 44.4374
348 482 139.936
349 280 221.366
349 282 158.214
349 287 153.161
349 288 138.93
349 383 544.366
349 468 199.376
350 94 531.809
350 95 531.809
350 124 526.857
350 158 358.916
350 323 183.242
350 330 116.593
350 472 180.397
351 67 532.856
351 248 466.084
351 278 137.371
351 279 413.793
351 313 252.841
351 316 262.128
351 328 78.4941
351 343 139.937
351 348 180.541
351 375 600.27
351 479 162.077
351 482 58.5423
352 270 192.593
352 290 208.256
352 483 37.3635
353 290 210.857
355 484 130.8
358 470 55.851
365 90 97.375
365 300 438.51
365 397 164.491
365 439 334.455
365 491 784.568
366 62 21.9417
366 89 55.931
366 91 55.9309
366 115 42.1939
366 172 195.867
366 367 34.6927
366 368 35.3714
366 369 51.3633
367 89 90.4589
367 91 83.833
367 115 58.8708
367 366 34.6927
368 115 63.952
368 366 35.3714
369 62 31.0277
369 115 93.1304
369 216 285.877
369 366 51.3633
369 392 221.862
369 399 155.258
369 405 261.599
369 406 251.475
369 413 257.612
370 45 160.165
370 110 259.39
370 117 130.362
370 120 624.436
370 137 364.234
370 142 220.91
370 161 345.519
370 167 253.282
370 211 296.849
370 277 343.568
370 396 85.2024
370 407 147.517
370 414 193.126
370 422 164.724
370 423 172.93
370 435 292.429
370 464 404.564
371 246 430.22
371 306 541.095
371 326 540.668
371 338 538.208
371 385 122.239
371 386 146.74
371 394 265.49
371 419 259.637
371 431 279.321
371 433 344.353
371 440 369.541
371 441 401.882
371 443 331.087
371 444 352.308
371 455 327.27
371 466 501.461
371 496 588.847
371 505 714.373
371 514 905.935
372 286 742.923
372 395 195.878
372 411 215.533
372 415 248.721
372 492 794.72
374 376 52.8331
375 67 84.7524
375 248 835.483
375 278 467.465
375 279 853.167
375 313 717.182
375 316 750.87
375 328 622.696
375 343 676.677
375 348 748.496
375 351 600.27
375 479 709.644
375 482 658.81
376 374 52.8331
377 45 158.724
377 110 131.238
377 117 42.209
377 120 496.698
377 137 230.076
377 142 89.99
377 167 122.939
377 211 177.298
377 396 147.511
377 407 114.851
377 414 242.734
377 423 158.942
379 45 212.838
379 110 183.809
379 117 24.2416
379 118 68.5507
379 120 541.122
379 137 267.143
379 140 97.3923
379 142 105.911
379 148 34.7017
379 161 229.543
379 167 133.958
379 178 65.7436
379 211 167.008
379 276 196.681
379 396 103.563
379 407 48.4593
379 414 181.815
379 418 203.382
379 420 73.7468
379 422 116.169
379 423 92.553
379 435 177.105
380 270 420.344
381 117 54.8989
381 140 116.31
381 148 85.5947
381 178 126.755
381 216 183.292
381 276 255.601
381 392 180.552
381 405 157.019
381 411 143.028
381 413 161.343
381 420 134.419
381 422 140.482
381 426 150.988
381 430 245.188
383 280 587.68
383 282 538.299
383 287 409.596
383 288 478.292
383 349 544.366
383 468 405.629
385 246 308.304
385 306 419.093
385 326 421.565
385 338 416.189
385 371 122.239
385 386 34.6848
385 394 158.244
385 419 180.768
385 431 173.094
385 433 222.122
385 440 250.553
385 441 282.61
385 443 214.296
385 444 230.623
385 455 214.902
385 466 382.634
385 474 473.912
385 496 466.702
385 514 788.186
386 246 290.059
386 306 396.019
386 326 408.299
386 338 393.188
386 371 146.74
386 385 34.6848
386 394 161.123
386 419 147.152
386 431 139.362
386 433 202.29
386 440 222.806
386 441 255.143
386 443 184.755
386 444 206.989
386 455 183.104
386 466 354.775
386 496 444.26
386 514 759.618
388 290 469.995
388 389 107.534
388 483 487.993
389 290 574.981
389 388 107.534
391 267 518.982
391 501 491.907
391 502 511.9
392 62 218.1
392 115 212.672
392 216 288.484
392 276 290.155
392 369 221.862
392 381 180.552
392 405 260.076
392 411 92.1049
392 413 141.05
392 420 224.714
392 430 95.5817
394 246 195.698
394 306 319.592
394 326 283.071
394 338 316.502
394 371 265.49
394 385 158.244
394 386 161.123
394 419 262.648
394 431 205.383
394 433 135.456
394 440 203.273
394 441 226.252
394 443 190.993
394 444 162.357
394 445 240.984
394 455 211.037
394 456 215.738
394 466 315.399
394 496 361.253
394 514 708.589
395 372 195.878
395 405 144.872
395 411 96.6317
395 415 204.168
396 45 234.929
396 110 278.1
396 117 117.959
396 118 170.914
396 120 641.363
396 137 369.259
396 140 193.607
396 142 209.372
396 148 138.254
396 161 332.87
396 167 237.319
396 178 146.368
396 180 177.742
396 211 263.749
396 276 244.802
396 370 85.2024
396 377 147.511
396 379 103.563
396 407 88.7598
396 414 111.87
396 420 148.97
396 422 80.9246
396 423 97.144
396 435 222.462
396 436 218.401
397 89 188.665
397 90 157.644
397 116 155.647
397 172 186.813
397 300 301.543
397 365 164.491
397 439 173.094
397 491 623.961
398 411 103.56
399 62 132.654
399 170 239.008
399 369 155.258
399 402 136.658
402 170 366.094
402 399 136.658
402 437 320.352
403 118 237.124
403 218 225.141
403 336 343.173
405 62 231.7
405 115 169.759
405 206 226.519
405 216 29.2634
405 369 261.599
405 381 157.019
405 392 260.076
405 395 144.872
405 406 59.2848
405 411 172.93
405 412 172.455
405 413 140.177
405 430 270.389
405 446 289.782
406 62 224.45
406 115 167.666
406 206 283.105
406 369 251.475
406 405 59.2848
407 45 255.133
407 110 227.605
407 117 72.7009
407 118 108.376
407 120 577.532
407 137 301.979
407 140 142.087
407 142 139.343
407 148 72.172
407 161 254.889
407 167 161.453
407 178 58.2883
407 180 90.6159
407 211 177.616
407 276 166.801
407 277 196.237
407 370 147.517
407 377 114.851
407 379 48.4593
407 396 88.7598
407 414 139.388
407 418 162.565
407 422 70.8911
407 423 44.0946
407 435 145.332
408 240 296.202
411 140 226.53
411 216 200.244
411 276 199.672
411 372 215.533
411 381 143.028
411 392 92.1049
411 395 96.6317
411 398 103.56
411 405 172.93
411 413 50.8987
411 415 111.007
411 430 108.368
412 405 172.455
413 62 237.059
413 140 219.687
413 206 362.171
413 216 164.471
413 276 149.253
413 369 257.612
413 381 161.343
413 392 141.05
413 405 140.177
413 411 50.8987
413 415 130.65
413 425 43.5627
413 426 37.2335
413 430 130.355
413 438 78.5456
413 446 152.168
414 45 346.799
414 110 365.458
414 117 204.055
414 118 247.331
414 120 716.243
414 137 440.582
414 140 279.133
414 142 278.438
414 148 211.018
414 161 388.638
414 167 298.413
414 178 186.814
414 180 191.805
414 211 301.554
414 276 220.372
414 370 193.126
414 377 242.734
414 379 181.815
414 396 111.87
414 407 139.388
414 420 183.164
414 422 69.3849
414 423 105.684
414 435 200.126
414 436 181.828
415 372 248.721
415 395 204.168
415 411 111.007
415 413 130.65
418 118 269.871
418 137 464.314
418 148 233.6
418 379 203.382
418 407 162.565
418 435 223.412
419 246 294.184
419 306 362.007
419 326 423.213
419 338 359.841
419 371 259.637
419 385 180.768
419 386 147.152
419 394 262.648
419 431 76.6286
419 433 216.957
419 440 184.32
419 441 211.037
419 443 144.744
419 444 200.045
419 455 121.65
419 462 291.87
419 466 293.604
419 474 369.127
419 496 410.325
419 505 484.851
419 514 677.024
420 45 282.51
420 110 206.429
420 117 90.0282
420 120 536.664
420 137 261.993
420 140 129.95
420 142 106.767
420 146 104.668
420 148 66.9833
420 167 118.763
420 178 9.81409
420 211 120.502
420 276 124.157
420 304 211.35
420 379 73.7468
420 381 134.419
420 392 224.714
420 396 148.97
420 414 183.164
420 422 114.958
420 423 77.5576
421 52 432.624
421 88 290.953
421 113 133.276
421 206 227.042
421 235 133.962
421 236 134.712
421 425 152.635
421 426 99.3247
421 438 155.071
421 442 102.719
421 493 549.276
421 511 637.359
421 512 631.656
422 45 302.759
422 110 298.335
422 117 139.626
422 118 179.265
422 120 646.883
422 137 371.225
422 140 212.469
422 142 209.266
422 146 133.858
422 148 143.035
422 161 319.818
422 167 229.052
422 178 117.942
422 180 128.568
422 211 234.768
422 276 175.737
422 370 164.724
422 379 116.169
422 381 140.482
422 396 80.9246
422 407 70.8911
422 414 69.3849
422 420 114.958
422 423 37.7461
422 435 153.635
423 45 295.416
423 110 268.724
423 117 116.794
423 118 148.998
423 120 611.883
423 137 336.394
423 140 184.32
423 142 175.76
423 148 113.624
423 161 282.956
423 167 193.511
423 178 81.2026
423 180 91.6774
423 211 197.046
423 276 148.029
423 370 172.93
423 377 158.942
423 379 92.553
423 396 97.144
423 407 44.0946
423 414 105.684
423 420 77.5576
423 422 37.7461
423 435 125.653
423 436 121.686
424 170 230.143
425 52 315.399
425 88 241.633
425 113 199.467
425 140 199.837
425 148 131.499
425 178 112.39
425 180 129.064
425 206 372.57
425 235 284.714
425 236 285.807
425 413 43.5627
425 421 152.635
425 426 59.2924
425 435 161.382
425 438 121.367
425 442 119.848
425 493 630.432
426 88 270.251
426 140 190.993
426 148 120.695
426 161 275.998
426 178 77.8151
426 180 76.0647
426 235 233.277
426 242 110.998
426 381 150.988
426 413 37.2335
426 421 99.3247
426 425 59.2924
426 435 102.432
426 438 92.0895
426 442 68.3193
426 493 580.549
427 147 174.44
427 210 234.38
427 494 561.291
428 345 573.583
428 429 6.93497
429 345 580.034
429 428 6.93497
430 140 334.897
430 143 402.216
430 148 266.948
430 216 294.76
430 276 258.726
430 381 245.188
430 392 95.5817
430 405 270.389
430 411 108.368
430 413 130.355
431 246 217.938
431 306 293.185
431 326 346.968
431 338 290.804
431 371 279.321
431 385 173.094
431 386 139.362
431 394 205.383
431 419 76.6286
431 433 140.736
431 440 111.916
431 441 141.513
431 443 70.3544
431 444 123.526
431 445 46.1188
431 455 52.7534
431 456 50.1272
431 462 224.707
431 466 233.185
431 474 317.107
431 496 342.107
431 505 438.188
431 514 630.719
432 171 345.542
432 207 394.075
433 246 88.2032
433 306 198.668
